116. 119.’ , 111.

“ 1,οά11,76,1,1011.,61 261, 11Λ11111111111ψ1111111222
132,1,1,63 2111, . 1611111 ducit 1,111,1, 1111
Ι,111111,11,12· 111111111,1,,161,11.1]1111111
Lemniades ’1, 133, 2, 111, 17 11 11931· 6¹1¹ ⁰¹6⁸ 1, 197, 35· ’
04 27· ’ 1, 236 7, ruptum 111111311111 ,
11111ιὶ1 215718 '' 111 1111111. 221, 16, 11111111, 7
11111111,711111.1.113,911,113,11.1ι1111,11111 ibid 11-
774, 7. - 1111111111 1.211,13 omnihus

, 11111111,69,27,1,128,17, 1, 1111111111, 216, 6·
133, 371· 1, 201, 713, 2, 37, 712, Liberalia 111111, 213, 42·
2,10,26,2,111,1015231111 1,1511,11111111.261,151267,
2,,165 25, 1, 221, 61112, 291,2,55 13111, 1111· 7
1116111311111. 1121311, 7. 215, 3, librariae, Parcae 1, 187,Ι 38· 7
111611, 213,11, . 11511111111111116911111111111
16, ,1111111261 9-1 11, 1911, Libye, Epaphi 11. 116, 7
1. 111616, 116119, ’ 1161111511. 1,166,6
Lerna 1, 62, 2, 163, Ρ· 218, 21· 1711511111163, 47.
11111111111111,15,19, 3163, 39, 111111. 223,10·
Lethaeus 61. 201. 517 18 2, 175, 1311111, 170, 26, 7· 221, 17’11377 77
161 177, 35 111, ’ Liriope 1,165· , 7
Lethe 1, 11616 Liris 1616, 7
“ 1111111111, 79, 27, ¹ . lituus 1111111111, 181, 3112 2235, 23
, 115113131111111) 111111 Gigantea 11111111, 1, 11. 1, 119, 1111 193,
’ pugn· 1,11,61,111 11161119, 161, 9111 26666167
15, insanium 115131, 23, 31113 13, 1, 215, 13,- 1. 223, 31· 7
Orionem ligari jubet1, 33, 5. ἰ1 111511, 163, 5.
⁸ captain 1111111111,36,36,1111111 1611111, 1, 51, 4,,
188, 6111116161.1,11ο.1,,,,, Lotus Nympha1, 176. 7, 179,
11,,1,1111111111,121,2,36,39, 11111111 1, 31, 36. 1, 63, 28, 7·
, a 'tyrrhenis 911111, 1111, 171. 713, 112, 3, 669, 16137·
Lycurgum 111711, 123· occurrit 17,1’6, 2,129,1ο 2136137
Τ7111161,133, 10,2,111,21, 11161, 4 et9· p. 166, 317·
ejus 1111111111, 164. ejus nutrices 163, 79. p. 166, 7. p. 189, 75·
1133262,133111611,199,119116 1 19116137·
16. 1111111171, 9116· 1611261291, 9.,431111·
1111111,1511,12,1,153,8,ἰ, 611111111 1,1, 21111111116615·
, 1117711, 71, 26, 2, 13, 30 pater 11111111, 9 2111 232175·
31111111123621111911111113 1116111111, 111 75, 1ο, p. 1663·
2,11, 13, ejus purgat. 2, 61, 35, Lucretia 1, 74. , -
1111, 1,,1, 1111111111 2. 66, Lueretius ,1. 9, 166,. 22 13·

 

